125553368
125555477
125566333
125565084
125568201
122099221
125570453
125574088
125574913
125575014
125575582
125576628
125579399
122112395
122125952
125597163
125603237
125606185
122140788
125608466
122138640
125608190
122137018
125608846
122142506
125617251
125618497
122165260
122161431
125646367
122189367
122203412
122203826
125673740
125675899
122232805
125686533
125684834
125692390
125693439
125694257
125694935
125695004
125694212
125695195
125693100
125696344
125690664
125697715
125698067
125698815
125699551
125699223
125699690
125700406
125701416
125704466
125704706
125706369
125706836